
door planning / room planning

...xx...    2  18
..xxxx..    4  3c
.xxxxxx.    6  7e
xxxxxxxx    8  ff
xxxxxxxx    8  ff
xxxxxxxx    8  ff
xxx..xxx    6  e7
xxx..xxx    6  e7
.x....x.    2  42

50 rooms

24,60,126,255,255,255,231,66



 .. .. .. 01 02 .. .. ..
 .. .. 03 04 05 06 .. ..
 .. 07 08 09 10 11 12 ..
 13 14 15 16 17 18 19 20
 21 22 23 24 25 26 27 28
 29 30 31 32 33 34 35 36
 37 38 39 .. .. 40 41 42
 43 44 45 .. .. 46 47 48
 .. 49 .. .. .. .. 50 ..

 49, 50,		 1 door, N.
 01, 03, 07, 13; 2 doors, S, E
 02, 06, 12, 20; 2 doors, S, W
 43, 46; 2 doors, N, E
 45, 48; 2 doors, N, W
 21, 29, 37, 40; 3 doors; N, E, S
 28, 36, 42, 39; 3 doors; N, W, S
 32, 33; 3 doors; N, E, W
 all others: 4 doors

hmm maybe if we just do it as an array...

  1  2  3  4  5  6  7  8  9  A
1.. .. .. .. .. .. .. .. .. ..
2.. .. .. .. 01 02 .. .. .. ..
3.. .. .. 03 04 05 06 .. .. ..
4.. .. 07 08 09 10 11 12 .. ..
5.. 13 14 15 16 17 18 19 20 ..
6.. 21 22 23 24 25 26 27 28 ..
7.. 29 30 31 32 33 34 35 36 ..
8.. 37 38 39 .. .. 40 41 42 ..
9.. 43 44 45 .. .. 46 47 48 ..
A.. .. 49 .. .. .. .. 50 .. ..
B.. .. .. .. .. .. .. .. .. ..

2,5 2,6
3,4 3,5 3,6 3,7
4,3 4,4 4,5 4,6 4,7 4,8
5,2 5,3 5,4 5,5 5,6 5,7 5,8 5,9
6,2 6,3 6,4 6,5 6,6 6,7 6,8 6,9
7,2 7,3 7,4 7,5 7,6 7,7 7,8 7,9
8,2 8,3 8,4 8,7 8,8 8,9
9,2 9,3 9,4 9,7 9,8 9,9
10,3 10,8

could maybe pack that in gfx data if we need to

[2, 2, 3, 3, 3, 3, 4, 4, 4, 4, 4, 4, 5, 5, 5, 5, 5, 5, 5, 5, 6, 6, 6, 6, 6, 6, 6, 6, 7, 7, 7, 7, 7, 7, 7, 7, 8, 8, 8, 8, 8, 8, 9, 9, 9, 9, 9, 9, 10, 10]
[5, 6, 4, 5, 6, 7, 3, 4, 5, 6, 7, 8, 2, 3, 4, 5, 6, 7, 8, 9, 2, 3, 4, 5, 6, 7, 8, 9, 2, 3, 4, 5, 6, 7, 8, 9, 2, 3, 4, 7, 8, 9, 2, 3, 4, 7, 8, 9, 3, 8]

